0

9

3.000000 0.000000
1.000000 0.000000 0.000000 1.000000
1.000000 -3.000000
0.400000 0.000000 1.000000 1.000000
1.000000 2.000000
1.000000 1.000000 0.000000 1.000000
-1.000000 -3.000000
0.400000 0.000000 1.000000 1.000000
-1.000000 2.000000
1.000000 1.000000 0.000000 1.000000
-3.000000 0.000000
1.000000 0.000000 0.000000 1.000000
1.000000 -2.000000
1.000000 0.500000 0.000000 0.500000
0.000000 2.000000
1.000000 0.500000 0.000000 1.000000
-1.000000 -2.000000
1.000000 0.500000 0.000000 0.500000

6

-1.000000 -3.000000
1.000000 0.000000 0.000000 0.000000
0.000000 -1.000000
1.000000 0.000000 0.000000 1.000000
1.000000 -3.000000
1.000000 0.000000 0.000000 0.000000
1.000000 -2.000000
1.000000 0.000000 0.000000 1.000000
0.000000 2.000000
1.000000 0.000000 0.000000 1.000000
-1.000000 -2.000000
1.000000 0.000000 0.000000 1.000000

2.000000
0.000000
1.000000
1.000000
0.000000




1

9

5.000000 0.000000
1.000000 0.500000 0.000000 0.900000
2.000000 -5.000000
0.400000 0.000000 1.000000 1.000000
0.000000 5.000000
1.000000 1.000000 0.000000 1.000000
-2.000000 -5.000000
0.400000 0.000000 1.000000 1.000000
0.000000 5.000000
1.000000 1.000000 0.000000 1.000000
-5.000000 0.000000
1.000000 0.500000 0.000000 1.000000
3.000000 -1.000000
1.000000 1.000000 0.000000 0.200000
0.000000 2.000000
1.000000 0.000000 0.000000 1.000000
-3.000000 -1.000000
1.000000 1.000000 0.000000 0.200000

6

-2.000000 -5.000000
1.000000 0.000000 0.000000 1.000000
0.000000 5.000000
1.000000 0.000000 0.000000 1.000000
2.000000 -5.000000
1.000000 0.000000 0.000000 1.000000
5.000000 0.000000
1.000000 0.500000 0.000000 0.900000
0.000000 5.000000
1.000000 0.000000 0.000000 1.000000
-5.000000 0.000000
1.000000 0.000000 0.000000 1.000000

2.000000
0.000000
1.000000
1.000000
0.000000
