AI vs AI
Player moves:  1    2
               2    3
               3    5
               0    0
               5    4
               1    2
               4    1
score -27


AI vs me as p2, playing greedy based on p1's picks:
Player moves:  1    2
               2    3
               3    2
               5    1
               1    4
               4    0
               0    5
score -6

      0   1   2   3   4   5 
------------------------------
0 |  20  31  15  11  32   2 
------------------------------
1 |   7   5  36  34  16  13 
------------------------------
2 |  18  23  27   6  12  25 
------------------------------
3 |  17   8  22  29  14  21 
------------------------------
4 |  19  35   1  28   4  24 
------------------------------
5 |  30   9  10   3  33  26 
------------------------------
